1 0.5410628019323671 0.5133333333333333 0.030595813204508857 0.07733333333333334
1 0.394122383252818 0.49466666666666664 0.08776167471819646 0.11466666666666667
1 0.3896940418679549 0.52 0.0853462157809984 0.09066666666666667
1 0.35668276972624796 0.54 0.10950080515297907 0.12533333333333332
1 0.3442028985507246 0.548 0.11191626409017713 0.136
1 0.32004830917874394 0.5586666666666666 0.11835748792270531 0.15733333333333333
1 0.2318840579710145 0.592 0.15780998389694043 0.21333333333333335
1 0.1956521739130435 0.6146666666666667 0.214170692431562 0.24266666666666667
1 0.8248792270531401 0.7293333333333333 0.34863123993558776 0.536
1 0.5277777777777778 0.48133333333333334 0.03140096618357488 0.09333333333333334
