1 0.48428686543110394 0.5252659574468085 0.030620467365028204 0.09308510638297872
1 0.1708299758259468 0.7513297872340425 0.2997582594681708 0.4920212765957447
1 0.1232876712328767 0.6356382978723404 0.1917808219178082 0.2712765957446808
1 0.298549556809025 0.5638297872340425 0.07332796132151491 0.13297872340425532
1 0.39000805801772764 0.5784574468085106 0.07091055600322321 0.15691489361702127
1 0.34971796937953264 0.5305851063829787 0.046736502820306204 0.09308510638297872
1 0.4121676067687349 0.5305851063829787 0.0378726833199033 0.08244680851063829
1 0.43795326349717967 0.4853723404255319 0.028203062046736505 0.10904255319148937
1 0.1522965350523771 0.5731382978723404 0.11281224818694602 0.15691489361702127
1 0.2639000805801773 0.5412234042553191 0.055600322320709106 0.08776595744680851
