0 0.34581320450885666 0.6106666666666667 0.04106280193236715 0.25066666666666665
1 0.9122383252818036 0.7453333333333333 0.17391304347826086 0.504
1 0.8482286634460547 0.688 0.30193236714975846 0.37333333333333335
1 0.7975040257648953 0.6053333333333333 0.2471819645732689 0.3413333333333333
1 0.25885668276972623 0.572 0.16022544283413848 0.168
1 0.2962962962962963 0.5613333333333334 0.1288244766505636 0.14666666666666667
1 0.533816425120773 0.5466666666666666 0.05152979066022544 0.12266666666666666
1 0.37037037037037035 0.5146666666666667 0.06602254428341385 0.08533333333333333
1 0.5092592592592593 0.5093333333333333 0.026570048309178744 0.07466666666666667
1 0.4887278582930757 0.4706666666666667 0.014492753623188406 0.056
