1 0.48470209339774556 0.5333333333333333 0.04508856682769726 0.12266666666666666
1 0.14210950080515297 0.7533333333333333 0.2471819645732689 0.488
1 0.2250402576489533 0.64 0.19243156199677938 0.32
1 0.32930756843800324 0.56 0.10789049919484701 0.16
1 0.3752012882447665 0.5333333333333333 0.08695652173913043 0.128
1 0.4243156199677939 0.5 0.05958132045088567 0.08266666666666667
1 0.7198067632850241 0.676 0.18840579710144928 0.3546666666666667
1 0.5644122383252818 0.536 0.04508856682769726 0.10666666666666667
1 0.5309983896940419 0.4786666666666667 0.029790660225442835 0.104
1 0.27334943639291465 0.5333333333333333 0.06682769726247988 0.112
1 0.49074074074074076 0.512 0.029790660225442835 0.09066666666666667
1 0.1964573268921095 0.5173333333333333 0.07085346215780998 0.09066666666666667
