1 0.9146537842190016 0.6746666666666666 0.16908212560386474 0.6453333333333333
1 0.41505636070853463 0.5253333333333333 0.05233494363929147 0.18666666666666668
1 0.789049919484702 0.472 0.2318840579710145 0.2986666666666667
1 0.22665056360708535 0.568 0.08776167471819646 0.14933333333333335
1 0.13808373590982287 0.548 0.11030595813204509 0.20533333333333334
1 0.34500805152979064 0.5133333333333333 0.04106280193236715 0.104
1 0.5744766505636071 0.5173333333333333 0.071658615136876 0.13333333333333333
1 0.44847020933977455 0.4826666666666667 0.028985507246376812 0.08533333333333333
1 0.48188405797101447 0.452 0.029790660225442835 0.10933333333333334
1 0.6247987117552335 0.5093333333333333 0.07407407407407407 0.13866666666666666
1 0.9541062801932367 0.4493333333333333 0.09017713365539452 0.2
1 0.44323671497584544 0.43733333333333335 0.03140096618357488 0.15466666666666667
