1 0.8196457326892109 0.7653333333333333 0.35909822866344604 0.464
1 0.29025764895330114 0.6746666666666666 0.13123993558776167 0.304
1 0.35507246376811596 0.6226666666666667 0.08856682769726248 0.2
1 0.6638486312399355 0.6586666666666666 0.15539452495974235 0.32
1 0.6034621578099839 0.5906666666666667 0.07809983896940419 0.19466666666666665
1 0.8055555555555556 0.508 0.11996779388083736 0.17333333333333334
1 0.533011272141707 0.5306666666666666 0.03542673107890499 0.08
1 0.4919484702093398 0.5253333333333333 0.027375201288244767 0.05333333333333334
1 0.464170692431562 0.5146666666666667 0.033011272141706925 0.048
0 0.41304347826086957 0.5133333333333333 0.01610305958132045 0.056
