1 0.21336553945249598 0.6866666666666666 0.1932367149758454 0.33866666666666667
1 0.8627214170692431 0.7573333333333333 0.27294685990338163 0.48
1 0.30958132045088566 0.6066666666666667 0.11352657004830918 0.20533333333333334
1 0.6996779388083736 0.6506666666666666 0.17391304347826086 0.336
1 0.4102254428341385 0.5266666666666666 0.04106280193236715 0.09333333333333334
1 0.6292270531400966 0.5853333333333334 0.09259259259259259 0.21066666666666667
1 0.6002415458937198 0.5506666666666666 0.06038647342995169 0.152
1 0.5805152979066023 0.5346666666666666 0.0499194847020934 0.11466666666666667
1 0.4247181964573269 0.5186666666666667 0.036231884057971016 0.08266666666666667
1 0.572866344605475 0.5226666666666666 0.03784219001610306 0.096
