1 0.22745571658615138 0.5933333333333334 0.17632850241545894 0.22666666666666666
1 0.2584541062801932 0.5546666666666666 0.16586151368760063 0.24
0 0.4251207729468599 0.5306666666666666 0.014492753623188406 0.112
1 0.9263285024154589 0.7333333333333333 0.1457326892109501 0.528
1 0.8812399355877617 0.7 0.2359098228663446 0.3973333333333333
1 0.7991143317230274 0.6333333333333333 0.21336553945249598 0.27466666666666667
1 0.7455716586151369 0.5986666666666667 0.14814814814814814 0.22666666666666666
1 0.7020933977455717 0.5773333333333334 0.16264090177133655 0.2
1 0.6650563607085346 0.564 0.143317230273752 0.15733333333333333
1 0.6489533011272142 0.5426666666666666 0.11594202898550725 0.168
1 0.34903381642512077 0.5386666666666666 0.09742351046698873 0.10666666666666667
1 0.36835748792270534 0.5333333333333333 0.08132045088566828 0.096
1 0.5261674718196457 0.5266666666666666 0.03462157809983897 0.08266666666666667
1 0.5108695652173914 0.5013333333333333 0.020128824476650563 0.058666666666666666
1 0.49557165861513686 0.472 0.012077294685990338 0.048
