1 0.6731078904991948 0.644 0.1819645732689211 0.44
1 0.1723027375201288 0.608 0.20933977455716588 0.2613333333333333
1 0.2616747181964573 0.5466666666666666 0.18357487922705315 0.24533333333333332
1 0.23148148148148148 0.5853333333333334 0.16505636070853463 0.24266666666666667
1 0.604669887278583 0.5826666666666667 0.09339774557165861 0.20533333333333334
1 0.2830112721417069 0.536 0.1280193236714976 0.20266666666666666
1 0.32367149758454106 0.5306666666666666 0.11916264090177134 0.14933333333333335
1 0.36835748792270534 0.5146666666666667 0.08293075684380032 0.10133333333333333
1 0.3856682769726248 0.49333333333333335 0.06763285024154589 0.10666666666666667
1 0.538647342995169 0.5146666666666667 0.03542673107890499 0.09066666666666667
1 0.572866344605475 0.548 0.061996779388083734 0.15733333333333333
