2 0.6343954248366013 0.5662162162162162 0.05473856209150327 0.3324324324324324
0 0.9779411764705882 0.43648648648648647 0.042483660130718956 0.13783783783783785
2 0.37663398692810457 0.595945945945946 0.07026143790849673 0.34864864864864864
2 0.37745098039215685 0.595945945945946 0.05392156862745098 0.3972972972972973
0 0.8035130718954249 0.4837837837837838 0.02696078431372549 0.17297297297297298
2 0.09109477124183006 0.6 0.018790849673202614 0.25405405405405407
2 0.08006535947712418 0.6121621621621621 0.029411764705882353 0.24594594594594596
0 0.39419934640522875 0.5878378378378378 0.09395424836601307 0.3
1 0.9893790849673203 0.46756756756756757 0.0196078431372549 0.11891891891891893
1 0.3827614379084967 0.4864864864864865 0.02696078431372549 0.06486486486486487
