0 0.38727858293075684 0.5586666666666666 0.02576489533011272 0.17333333333333334
1 0.9078099838969405 0.7306666666666667 0.18276972624798712 0.4693333333333333
1 0.8482286634460547 0.668 0.2971014492753623 0.3546666666666667
1 0.7524154589371981 0.6186666666666667 0.22946859903381642 0.24533333333333332
1 0.714573268921095 0.576 0.17310789049919484 0.24533333333333332
1 0.29911433172302737 0.5546666666666666 0.12962962962962962 0.13866666666666666
1 0.32689210950080516 0.544 0.10628019323671498 0.12266666666666666
1 0.5289855072463768 0.5333333333333333 0.043478260869565216 0.10666666666666667
1 0.5088566827697263 0.5053333333333333 0.024154589371980676 0.06666666666666667
1 0.49114331723027377 0.472 0.01288244766505636 0.05333333333333334
