1 0.9223027375201288 0.728 0.1537842190016103 0.5386666666666666
1 0.2966988727858293 0.5973333333333334 0.09903381642512077 0.19733333333333333
1 0.34541062801932365 0.564 0.06602254428341385 0.136
1 0.3719806763285024 0.5453333333333333 0.04669887278582931 0.10933333333333334
1 0.39331723027375204 0.532 0.039452495974235106 0.088
1 0.678743961352657 0.4653333333333333 0.09017713365539452 0.11466666666666667
1 0.644927536231884 0.46 0.06602254428341385 0.09866666666666667
1 0.9520933977455717 0.4066666666666667 0.09420289855072464 0.10933333333333334
1 0.9239130434782609 0.4053333333333333 0.11030595813204509 0.112
1 0.8977455716586151 0.4106666666666667 0.10628019323671498 0.09066666666666667
1 0.8719806763285024 0.42 0.09822866344605476 0.088
1 0.41626409017713367 0.5146666666666667 0.0322061191626409 0.06933333333333333
1 0.5519323671497585 0.496 0.033011272141706925 0.08533333333333333
