1 0.580177276390008 0.5664893617021277 0.06607574536663981 0.15425531914893617
1 0.5185334407735697 0.5039893617021277 0.0249798549556809 0.061170212765957445
1 0.25624496373892025 0.6808510638297872 0.1917808219178082 0.3670212765957447
1 0.1297340854149879 0.6183510638297872 0.16760676873489122 0.24202127659574468
1 0.3734891216760677 0.5465425531914894 0.060435132957292505 0.14095744680851063
1 0.2771958098307816 0.550531914893617 0.072522159548751 0.1276595744680851
1 0.3287671232876712 0.5146276595744681 0.043513295729250605 0.11436170212765957
1 0.41337630942788073 0.5212765957446809 0.03384367445608381 0.0797872340425532
1 0.36663980660757456 0.5026595744680851 0.040290088638195005 0.09042553191489362
1 0.4331184528605963 0.5093085106382979 0.023368251410153102 0.061170212765957445
1 0.48348106365834004 0.5093085106382979 0.024174053182917002 0.07712765957446809
