1 0.4758454106280193 0.5426666666666666 0.04669887278582931 0.12533333333333332
1 0.25684380032206117 0.7546666666666667 0.22383252818035426 0.48533333333333334
1 0.34541062801932365 0.6413333333333333 0.1143317230273752 0.264
1 0.24194847020933977 0.6106666666666667 0.1280193236714976 0.21333333333333335
1 0.3325281803542673 0.544 0.0821256038647343 0.11733333333333333
1 0.4367954911433172 0.5146666666666667 0.03140096618357488 0.07466666666666667
1 0.3969404186795491 0.5013333333333333 0.05314009661835749 0.06933333333333333
1 0.8615136876006442 0.804 0.2753623188405797 0.38666666666666666
1 0.6936392914653784 0.6986666666666667 0.18438003220611915 0.43733333333333335
1 0.5370370370370371 0.5306666666666666 0.043478260869565216 0.10666666666666667
1 0.5309983896940419 0.4533333333333333 0.05233494363929147 0.19733333333333333
2 0.5817230273752013 0.5026666666666667 0.010466988727858293 0.10933333333333334
1 0.1469404186795491 0.5426666666666666 0.0893719806763285 0.10933333333333334
1 0.47906602254428343 0.5133333333333333 0.028985507246376812 0.088
