1 0.499597423510467 0.5493333333333333 0.05555555555555555 0.14933333333333335
1 0.6952495974235104 0.5866666666666667 0.1747181964573269 0.48
2 0.11352657004830918 0.668 0.0853462157809984 0.6586666666666666
1 0.13768115942028986 0.516 0.12560386473429952 0.2
1 0.28180354267310787 0.5733333333333334 0.1497584541062802 0.272
1 0.32004830917874394 0.5613333333333334 0.12962962962962962 0.184
1 0.3526570048309179 0.5493333333333333 0.11916264090177134 0.15466666666666667
1 0.39895330112721417 0.5173333333333333 0.07326892109500806 0.11733333333333333
1 0.4307568438003221 0.48533333333333334 0.05314009661835749 0.06933333333333333
1 0.5954106280193237 0.5453333333333333 0.06360708534621579 0.136
1 0.572061191626409 0.5186666666666667 0.04750402576489533 0.12
2 0.5458937198067633 0.5066666666666667 0.014492753623188406 0.10133333333333333
1 0.4919484702093398 0.508 0.0322061191626409 0.09866666666666667
1 0.2250402576489533 0.49066666666666664 0.071658615136876 0.096
