1 0.49838969404186795 0.5293333333333333 0.04830917874396135 0.13066666666666665
1 0.19122383252818034 0.6613333333333333 0.1892109500805153 0.31466666666666665
1 0.29830917874396135 0.5546666666666666 0.10225442834138486 0.176
1 0.4005636070853462 0.5826666666666667 0.08776167471819646 0.17866666666666667
1 0.36996779388083734 0.5173333333333333 0.06843800322061191 0.10133333333333333
2 0.6936392914653784 0.644 0.033011272141706925 0.3546666666666667
1 0.6521739130434783 0.6213333333333333 0.14170692431561996 0.2986666666666667
1 0.6006441223832528 0.5706666666666667 0.08856682769726248 0.18133333333333335
1 0.571658615136876 0.5213333333333333 0.05475040257648953 0.14666666666666667
1 0.5314009661835749 0.5013333333333333 0.027375201288244767 0.06933333333333333
1 0.5297906602254429 0.4493333333333333 0.037037037037037035 0.14133333333333334
1 0.4927536231884058 0.5026666666666667 0.030595813204508857 0.09333333333333334
1 0.20531400966183574 0.516 0.0644122383252818 0.09333333333333334
