1 0.4561191626409018 0.5386666666666666 0.03784219001610306 0.10133333333333333
1 0.12198067632850242 0.6773333333333333 0.21175523349436393 0.37333333333333335
1 0.29347826086956524 0.5706666666666667 0.11352657004830918 0.144
1 0.32971014492753625 0.5506666666666666 0.08454106280193237 0.136
1 0.3667471819645733 0.5373333333333333 0.07326892109500806 0.09333333333333334
1 0.3856682769726248 0.532 0.05475040257648953 0.08266666666666667
1 0.3973429951690821 0.5053333333333333 0.0571658615136876 0.09333333333333334
1 0.5901771336553945 0.6133333333333333 0.09500805152979067 0.23466666666666666
1 0.5648148148148148 0.5826666666666667 0.0571658615136876 0.15733333333333333
1 0.5410628019323671 0.556 0.05152979066022544 0.13066666666666665
1 0.5217391304347826 0.4666666666666667 0.05314009661835749 0.22933333333333333
1 0.1972624798711755 0.5453333333333333 0.06763285024154589 0.09866666666666667
1 0.46497584541062803 0.5213333333333333 0.02818035426731079 0.08266666666666667
