1 0.4754428341384863 0.532 0.039452495974235106 0.104
1 0.1360708534621578 0.6613333333333333 0.178743961352657 0.31466666666666665
1 0.33695652173913043 0.6813333333333333 0.1457326892109501 0.328
1 0.39371980676328505 0.6013333333333334 0.08695652173913043 0.216
1 0.3107890499194847 0.5466666666666666 0.11272141706924316 0.16
1 0.41586151368760066 0.4866666666666667 0.04589371980676329 0.072
1 0.7008856682769726 0.4666666666666667 0.2745571658615137 0.848
2 0.9049919484702094 0.7133333333333334 0.10305958132045089 0.568
1 0.5438808373590982 0.544 0.04589371980676329 0.12266666666666666
1 0.5245571658615137 0.5226666666666666 0.033011272141706925 0.08533333333333333
1 0.5140901771336553 0.464 0.04106280193236715 0.16533333333333333
1 0.19685990338164253 0.5226666666666666 0.07004830917874397 0.096
1 0.4677938808373591 0.5146666666666667 0.027375201288244767 0.08
