1 0.18357487922705315 0.7573333333333333 0.3639291465378422 0.48
1 0.5652173913043478 0.5453333333333333 0.06924315619967794 0.16266666666666665
1 0.82085346215781 0.7533333333333333 0.35668276972624796 0.488
1 0.30152979066022545 0.6573333333333333 0.15217391304347827 0.32266666666666666
2 0.22544283413848631 0.6133333333333333 0.033816425120772944 0.3626666666666667
2 0.26288244766505636 0.5813333333333334 0.018518518518518517 0.2773333333333333
1 0.43760064412238325 0.516 0.033011272141706925 0.09866666666666667
1 0.532608695652174 0.5093333333333333 0.039452495974235106 0.10133333333333333
2 0.2689210950080515 0.6066666666666667 0.020933977455716585 0.2853333333333333
1 0.5148953301127214 0.48533333333333334 0.021739130434782608 0.07466666666666667
