1 0.6042673107890499 0.5853333333333334 0.10547504025764895 0.2693333333333333
1 0.16867954911433172 0.6253333333333333 0.2665056360708535 0.27466666666666667
1 0.22745571658615138 0.6013333333333334 0.1859903381642512 0.216
1 0.3144122383252818 0.5386666666666666 0.13768115942028986 0.18666666666666668
1 0.2942834138486312 0.5586666666666666 0.11674718196457327 0.17866666666666667
1 0.572463768115942 0.5613333333333334 0.06602254428341385 0.152
1 0.32407407407407407 0.528 0.09742351046698873 0.16
1 0.34903381642512077 0.5333333333333333 0.09742351046698873 0.12266666666666666
1 0.5285829307568438 0.52 0.029790660225442835 0.08
1 0.5535426731078905 0.54 0.04750402576489533 0.12533333333333332
