1 0.8196457326892109 0.7573333333333333 0.35909822866344604 0.48
1 0.8619162640901772 0.6506666666666666 0.2391304347826087 0.29333333333333333
1 0.7407407407407407 0.596 0.20450885668276972 0.21066666666666667
1 0.2713365539452496 0.556 0.16264090177133655 0.18933333333333333
1 0.5241545893719807 0.5093333333333333 0.02254428341384863 0.05333333333333334
1 0.4074074074074074 0.5013333333333333 0.061191626409017714 0.07466666666666667
1 0.5933977455716586 0.5213333333333333 0.07085346215780998 0.088
1 0.357085346215781 0.5373333333333333 0.10225442834138486 0.12533333333333332
1 0.3148148148148148 0.544 0.13526570048309178 0.16
1 0.6473429951690821 0.544 0.09339774557165861 0.128
1 0.6662640901771336 0.5533333333333333 0.10386473429951691 0.13066666666666665
