1 0.6968599033816425 0.6933333333333334 0.1859903381642512 0.45866666666666667
1 0.1706924315619968 0.5933333333333334 0.1996779388083736 0.328
1 0.22061191626409019 0.5893333333333334 0.15780998389694043 0.19733333333333333
1 0.29830917874396135 0.5706666666666667 0.13285024154589373 0.16533333333333333
1 0.32689210950080516 0.5586666666666666 0.11916264090177134 0.15733333333333333
1 0.33373590982286633 0.5426666666666666 0.09259259259259259 0.152
1 0.3446054750402576 0.5293333333333333 0.11272141706924316 0.136
1 0.3679549114331723 0.524 0.07890499194847021 0.104
1 0.391304347826087 0.496 0.06924315619967794 0.10666666666666667
0 0.464573268921095 0.49333333333333335 0.00644122383252818 0.05333333333333334
1 0.5644122383252818 0.5546666666666666 0.0499194847020934 0.13333333333333333
1 0.6243961352657005 0.5173333333333333 0.09098228663446055 0.12266666666666666
1 0.5752818035426731 0.5026666666666667 0.05555555555555555 0.08266666666666667
1 0.5177133655394525 0.5 0.01932367149758454 0.050666666666666665
