1 0.8619162640901772 0.7053333333333334 0.2745571658615137 0.584
1 0.7181964573268921 0.74 0.21578099838969403 0.45066666666666666
1 0.16747181964573268 0.6173333333333333 0.21578099838969403 0.328
1 0.23429951690821257 0.6186666666666667 0.17391304347826086 0.24
1 0.2572463768115942 0.5933333333333334 0.1747181964573269 0.216
1 0.3353462157809984 0.564 0.10869565217391304 0.13066666666666665
1 0.36513687600644124 0.5386666666666666 0.08454106280193237 0.13333333333333333
1 0.5571658615136876 0.568 0.04669887278582931 0.12266666666666666
1 0.6235909822866345 0.6386666666666667 0.107085346215781 0.264
1 0.5362318840579711 0.54 0.0322061191626409 0.09333333333333334
