1 0.8969404186795491 0.448 0.20450885668276972 0.25066666666666665
1 0.964170692431562 0.4186666666666667 0.07004830917874397 0.14933333333333335
1 0.36513687600644124 0.568 0.0748792270531401 0.15466666666666667
1 0.30152979066022545 0.6213333333333333 0.13285024154589373 0.2613333333333333
1 0.6038647342995169 0.5133333333333333 0.057971014492753624 0.12533333333333332
1 0.4001610305958132 0.54 0.05152979066022544 0.12533333333333332
1 0.4255233494363929 0.528 0.03462157809983897 0.09066666666666667
1 0.5277777777777778 0.5106666666666667 0.033011272141706925 0.088
1 0.6139291465378421 0.508 0.0893719806763285 0.104
1 0.5628019323671497 0.49866666666666665 0.040257648953301126 0.06933333333333333
1 0.5511272141706924 0.4666666666666667 0.036231884057971016 0.042666666666666665
1 0.48188405797101447 0.4693333333333333 0.036231884057971016 0.037333333333333336
1 0.39371980676328505 0.4746666666666667 0.030595813204508857 0.032
