1 0.4963768115942029 0.5226666666666666 0.03462157809983897 0.10666666666666667
1 0.8478260869565217 0.7026666666666667 0.2286634460547504 0.5306666666666666
1 0.7479871175523349 0.6186666666666667 0.18357487922705315 0.32
1 0.6634460547504025 0.58 0.14170692431561996 0.22133333333333333
1 0.6235909822866345 0.5506666666666666 0.11352657004830918 0.19466666666666665
1 0.6103059581320451 0.5373333333333333 0.10305958132045089 0.14666666666666667
1 0.5925925925925926 0.524 0.09017713365539452 0.136
1 0.5780998389694042 0.5093333333333333 0.07246376811594203 0.09066666666666667
1 0.42632850241545894 0.504 0.020128824476650563 0.048
1 0.5410628019323671 0.492 0.04508856682769726 0.056
1 0.5318035426731079 0.4826666666666667 0.039452495974235106 0.058666666666666666
1 0.40096618357487923 0.49333333333333335 0.020933977455716585 0.048
